Resnet50: 2.8012402235226452
InceptionV3: 3.9501786549312032
VGG16: 11.033203503484492